1
0
0
0
0
0
0
0
0
0
0
0
0
0
0
0
0
0
0
0
0
-15
40
-0.625
0
0
0
0
0
0
0
0
0
0
0
0
0
0
0
0
0
0
0
-15
30.625
-0.8163265306
0
0
0
0
0
0
0
0
0
0
0
0
0
0
0
0
0
0
0
-15
27.75510204
-0.9007352941
0
0
0
0
0
0
0
0
0
0
0
0
0
0
0
0
0
0
0
-15
26.48897059
-0.9437890354
0
0
0
0
0
0
0
0
0
0
0
0
0
0
0
0
0
0
0
-15
25.84316447
-0.9673737916
0
0
0
0
0
0
0
0
0
0
0
0
0
0
0
0
0
0
0
-15
25.48939313
-0.9808001264
0
0
0
0
0
0
0
0
0
0
0
0
0
0
0
0
0
0
0
-15
25.2879981
-0.9886112731
0
0
0
0
0
0
0
0
0
0
0
0
0
0
0
0
0
0
0
-15
25.1708309
-0.9932131401
0
0
0
0
0
0
0
0
0
0
0
0
0
0
0
0
0
0
0
-15
25.1018029
-0.9959443989
0
0
0
0
0
0
0
0
0
0
0
0
0
0
0
0
0
0
0
-15
25.06083402
-0.9975725462
0
0
0
0
0
0
0
0
0
0
0
0
0
0
0
0
0
0
0
-15
25.03641181
-0.998545646
0
0
0
0
0
0
0
0
0
0
0
0
0
0
0
0
0
0
0
-15
25.02181531
-0.9991281484
0
0
0
0
0
0
0
0
0
0
0
0
0
0
0
0
0
0
0
-15
25.01307777
-0.9994771625
0
0
0
0
0
0
0
0
0
0
0
0
0
0
0
0
0
0
0
-15
25.00784256
-0.9996863959
0
0
0
0
0
0
0
0
0
0
0
0
0
0
0
0
0
0
0
-15
25.00470406
-0.9998118729
0
0
0
0
0
0
0
0
0
0
0
0
0
0
0
0
0
0
0
-15
25.00282191
-0.9998871365
0
0
0
0
0
0
0
0
0
0
0
0
0
0
0
0
0
0
0
-15
25.00169295
-0.9999322865
0
0
0
0
0
0
0
0
0
0
0
0
0
0
0
0
0
0
0
-15
25.0010157
-0.9999593735
0
0
0
0
0
0
0
0
0
0
0
0
0
0
0
0
0
0
0
-15
25.0006094
-0.9999756247
0
0
0
0
0
0
0
0
0
0
0
0
0
0
0
0
0
0
0
0
1
